examples/data/wind_2019_09_18T00.json
{"header": {"discipline":0,"disciplineName":"Meteorological products","gribEdition":2,"gribLength":80037,"center":7,"centerName":"US National Weather Service - NCEP(WMC)","subcenter":0,"refTime":"2019-09-18T00:00:00.000Z","significanceOfRT":0,"significanceOfRTName":"Analysis","productStatus":0,"productStatusName":"Operational products","productType":0,"productTypeName":"Analysis products","productDefinitionTemplate":0,"productDefinitionTemplateName":"Analysis/forecast at horizontal level/layer at a point in time","parameterCategory":2,"parameterCategoryName":"Momentum","parameterNumber":2,"parameterNumberName":"U-component_of_wind","parameterUnit":"m.s-1","genProcessType":0,"genProcessTypeName":"Analysis","forecastTime":0,"surface1Type":103,"surface1TypeName":"Specified height level above ground","surface1Value":80,"surface2Type":255,"surface2TypeName":"Missing","surface2Value":0,"gridDefinitionTemplate":0,"gridDefinitionTemplateName":"Latitude_Longitude","numberPoints":65160,"shape":6,"shapeName":"Earth spherical with radius of 6,371,229.0 m","gridUnits":"degrees","resolution":48,"winds":"true","scanMode":0,"nx":360,"ny":181,"basicAngle":0,"lo1":0,"la1":90,"lo2":359,"la2":-90,"dx":1,"dy":1}, "data":
[rows 130 to 155 of 181, columns 116 to 173 of 360]
12.227588,9.577588,8.137588,7.817588,7.6875877,7.9775877,6.357588,6.097588,5.947588,6.257588,4.947588,4.757588,3.777588,3.1175878,3.5675879,2.497588,1.7375879,1.847588,0.9475879,0.8275879,0.5875879,0.5875879,0.5275879,0.37758788,-0.2624121,-1.1024121,-0.3524121,-0.4824121,-1.6924121,-3.302412,-4.262412,-3.9224122,-2.782412,-2.9524121,-2.9224122,-2.7024121,-2.802412,-2.9424121,-3.1024122,-2.9124122,-2.9324121,-3.082412,-3.312412,-2.9324121,-2.272412,-2.052412,-1.3124121,-0.8424121,-0.4524121,0.28758788,-0.6124121,-0.2824121,-0.20241211,0.5075879,1.7975879,2.3275878,3.687588,0.18758789
13.067588,8.087588,8.417588,7.777588,7.987588,7.6675878,7.887588,7.097588,7.327588,6.777588,6.627588,6.097588,4.737588,4.787588,4.147588,4.617588,3.8375878,3.0575879,2.787588,2.707588,2.8175879,2.927588,3.1175878,2.8275878,2.467588,2.537588,1.9475878,1.7775879,0.4875879,-0.9824121,-2.592412,-0.9524121,2.427588,2.757588,0.9775879,0.6375879,1.0175879,1.3775879,1.4275879,1.5175879,2.0975878,1.3075879,1.4375879,1.6575879,1.6075879,1.7475879,1.7975879,1.9275879,1.6575879,1.7975879,1.5775878,1.8575879,2.197588,2.467588,2.8175879,3.957588,3.237588,-0.7224121
8.907588,9.517588,9.487588,9.507587,9.117588,7.617588,7.757588,8.147588,7.4575877,7.177588,7.967588,5.877588,7.0175877,5.297588,6.447588,6.397588,5.177588,5.557588,4.377588,4.947588,5.0175877,4.9575877,4.537588,4.887588,5.277588,5.677588,5.307588,5.177588,4.817588,2.267588,2.7975879,1.6775879,2.7975879,6.557588,6.447588,6.0175877,5.677588,5.377588,5.6675878,5.507588,5.407588,5.4375877,5.547588,4.897588,4.897588,4.9375877,4.9775877,4.867588,4.277588,3.987588,4.087588,4.447588,5.087588,5.9175878,6.2675877,4.4375877,1.4475878,1.2275879
7.177588,4.987588,4.317588,8.737588,9.4275875,5.927588,6.9175878,7.7675877,7.827588,7.907588,8.377588,8.1775875,7.857588,7.837588,7.107588,7.257588,7.287588,6.777588,7.597588,6.9575877,6.827588,6.647588,7.397588,6.557588,7.327588,7.6875877,7.757588,7.347588,7.327588,7.4375877,4.147588,3.187588,2.507588,8.187588,7.287588,8.647588,8.787588,9.497588,8.997588,8.567588,8.067588,8.187588,8.297588,8.297588,7.1875877,7.7075877,7.637588,7.487588,6.9575877,6.987588,6.887588,7.047588,7.827588,8.837588,5.907588,1.7875879,1.7375879,-0.9524121
6.087588,3.197588,6.197588,8.957588,9.027588,7.927588,8.367588,8.9275875,7.1675878,7.257588,9.377588,9.657588,8.417588,8.217587,7.817588,9.537588,8.687588,7.837588,8.437588,8.237588,9.117588,8.947588,9.187588,8.237588,8.587588,8.707588,10.087588,9.577588,9.737588,10.257587,11.797588,10.257587,4.627588,4.787588,6.7075877,6.7075877,7.9975877,8.657588,9.377588,10.387588,10.087588,9.877588,9.477588,9.477588,9.337588,8.397588,8.517588,9.267588,9.517588,9.227588,9.947588,10.087588,10.157588,4.627588,4.947588,2.707588,-0.5324121,-0.51241213
7.817588,4.127588,8.607588,10.577588,8.457588,4.7075877,4.367588,6.827588,10.157588,10.447588,9.067588,8.517588,8.9275875,9.477588,8.837588,9.417588,9.977588,9.767588,9.347588,9.817588,10.247588,10.487588,10.437588,10.987588,10.787588,10.327588,10.967587,11.497588,11.077588,11.317588,11.867588,12.017588,12.627588,11.867588,10.997588,10.957588,10.057588,9.917588,7.467588,7.697588,10.397588,11.467587,11.077588,10.657588,10.697588,10.627588,12.307588,12.867588,12.507587,11.867588,11.507587,9.127588,4.137588,6.407588,6.4575877,1.7975879,1.9975879,3.947588
10.047588,6.927588,7.827588,8.047588,-0.17241211,3.3875878,6.047588,8.357588,7.257588,6.717588,5.797588,7.037588,8.607588,9.407588,9.837588,10.607588,10.717587,10.647588,11.387588,11.507587,10.837588,11.327588,11.377588,12.337588,13.127588,12.247588,11.887588,11.697588,12.307588,12.847588,12.977588,12.807588,12.697588,13.827588,12.937588,13.317588,13.527588,13.287588,12.857588,12.697588,12.387588,12.237588,12.397588,13.347588,13.027588,12.667588,13.377588,13.937588,13.557588,14.647588,14.957588,10.467587,9.917588,11.437588,11.187588,1.3075879,4.447588,7.2475877
9.907588,12.327588,9.407588,5.447588,7.087588,5.817588,8.457588,5.367588,4.377588,4.827588,3.407588,4.057588,3.8075879,7.137588,8.607588,10.957588,11.017588,10.347588,11.967587,12.267588,12.637588,12.807588,11.837588,12.857588,12.9275875,13.277588,13.517588,13.367588,12.717587,13.607588,14.517588,13.837588,13.547588,13.887588,14.097588,14.007587,13.997588,14.457588,14.997588,14.667588,14.9275875,15.087588,14.717587,14.737588,15.417588,16.037588,16.447588,17.337587,17.907587,18.307589,18.487587,18.947588,15.837588,18.497587,18.647589,15.777588,14.657588,14.857588
10.897588,12.227588,9.637588,7.117588,6.607588,5.5175877,6.107588,4.7075877,4.077588,-3.6824121,-1.9124122,-3.792412,1.7875879,1.1975878,4.287588,7.007588,10.697588,11.907588,12.617588,13.157588,13.587588,13.737588,12.807588,11.947588,12.667588,13.107588,14.687588,14.357588,14.947588,13.737588,14.607588,15.487588,15.407588,15.207588,15.387588,15.097588,15.567588,15.837588,15.557588,15.797588,16.117588,16.367588,16.787588,17.177588,17.517588,18.127588,18.907587,19.377588,19.987587,20.177588,20.067589,20.477589,20.747587,20.237587,19.577587,19.477589,19.277588,19.297588
11.377588,11.197588,12.627588,6.487588,6.2675877,4.387588,6.237588,2.5475879,-0.2624121,-2.242412,-1.1624122,-2.1824121,1.6775879,2.3075879,2.487588,-0.9224121,-1.8724121,-0.46241212,9.297588,13.797588,12.227588,13.527588,12.967587,12.637588,12.667588,12.607588,11.867588,13.407588,13.707588,13.917588,14.567588,16.067589,16.227589,15.877588,16.277588,16.137589,16.337587,15.827588,16.047588,16.487587,16.817589,17.077587,17.847588,18.107588,18.887589,19.277588,19.997587,20.707588,21.327587,21.097588,21.277588,21.067589,20.837587,20.647589,21.447588,20.517588,20.177588,20.597588
14.297588,13.537588,15.627588,6.277588,3.5975878,3.447588,3.8075879,3.3375878,2.5775878,-0.49241212,1.0075879,3.177588,5.117588,3.1475878,1.467588,-0.032412108,-0.9724121,-3.4324121,-6.2524123,-6.632412,-5.282412,10.477588,10.397588,10.217587,10.047588,10.597588,11.687588,13.627588,14.967587,14.817588,15.287588,15.1775875,15.097588,14.987588,14.867588,14.807588,14.987588,16.007587,15.807588,16.047588,16.617588,17.187588,18.107588,18.797588,19.817589,20.447588,21.257587,21.647589,21.557589,21.417587,21.737587,21.477589,21.307589,21.277588,21.567589,21.397589,21.657587,21.497587
12.477588,14.357588,13.167588,4.947588,2.657588,3.707588,3.247588,3.3775878,3.157588,1.9475878,3.0875878,3.977588,5.4975877,4.157588,3.267588,2.787588,0.80758786,0.13758789,-0.9324121,-2.242412,-4.3324122,-5.912412,-6.0424123,-6.802412,-7.3124123,-6.282412,-4.7524123,-3.4024122,-0.8624121,1.2375879,3.537588,5.487588,6.057588,7.137588,7.607588,8.607588,10.337588,11.257587,12.387588,12.6775875,14.097588,14.537588,15.217587,17.057589,18.407587,19.097588,19.317589,19.377588,21.207588,22.337587,22.447588,22.617588,20.957588,21.697588,21.357588,21.217588,21.507587,21.347588
9.827588,13.287588,14.317588,5.2475877,3.687588,4.1875877,3.927588,3.907588,3.967588,3.277588,4.4375877,5.4975877,4.897588,4.097588,4.237588,4.107588,4.4575877,3.8775878,2.5875878,0.7075879,0.9375879,1.6975878,2.027588,2.497588,2.6375878,3.487588,4.157588,4.897588,5.647588,6.297588,5.277588,7.397588,8.417588,9.387588,10.187588,11.287588,12.087588,13.157588,14.067588,14.627588,15.207588,15.557588,16.117588,17.207588,18.117588,18.577587,18.937588,19.287588,19.427588,19.597588,19.627588,19.457588,18.047588,18.117588,19.387589,19.287588,21.177588,22.437588
12.957588,14.007587,12.477588,6.7275877,3.497588,3.667588,3.697588,4.9775877,4.317588,3.757588,4.757588,5.4575877,5.317588,5.4375877,5.407588,5.317588,5.6875877,5.197588,5.287588,4.5175877,5.1675878,5.087588,4.947588,5.627588,5.887588,5.627588,5.467588,5.397588,5.877588,6.357588,7.067588,8.857588,10.197588,11.397588,12.287588,13.487588,14.647588,15.497588,16.807589,17.797588,18.237587,18.627588,18.587587,18.947588,20.017588,21.267588,22.127588,22.397589,22.087587,21.627588,21.347588,20.667587,19.887589,19.667587,18.907587,18.447588,17.617588,18.087587
12.127588,12.577588,13.007587,5.9575877,2.667588,2.477588,3.407588,3.467588,4.107588,3.697588,4.7675877,5.5175877,5.6675878,5.787588,6.147588,6.2675877,6.427588,6.627588,7.037588,6.787588,6.947588,7.087588,6.287588,6.297588,6.4575877,6.7475877,6.907588,7.337588,7.7475877,7.787588,8.227588,9.387588,11.327588,13.207588,14.627588,15.587588,16.387589,17.937588,19.327587,20.517588,21.497587,21.937588,21.467588,21.567589,22.197588,23.167587,23.657587,23.717588,23.867588,23.727589,23.067589,22.607588,21.837587,20.987587,20.517588,19.827587,19.197588,17.127588
12.057588,11.157588,12.237588,3.5975878,2.0975878,1.5775878,2.287588,2.3275878,2.477588,3.677588,4.627588,4.9175878,5.287588,5.817588,7.2475877,6.6875877,6.587588,6.7275877,6.567588,7.037588,7.387588,7.327588,7.787588,6.897588,5.9575877,4.9775877,6.347588,7.377588,8.137588,9.537588,10.547588,11.437588,13.227588,15.6775875,17.097588,18.147589,18.917587,19.737587,20.707588,21.537588,22.217588,22.737587,22.917587,23.087587,23.687588,23.927588,24.227589,24.397589,24.937588,25.047588,24.767588,23.977589,24.757587,23.187588,21.687588,20.087587,19.127588,18.857588
11.907588,10.997588,10.917588,2.187588,1.3075879,1.9875879,2.1475878,2.677588,2.8275878,4.357588,4.027588,4.867588,5.777588,6.027588,6.537588,6.737588,6.6675878,6.777588,7.4775877,7.5175877,7.807588,7.117588,6.697588,5.787588,6.307588,7.127588,8.367588,8.917588,10.357588,11.597588,12.827588,14.027588,15.407588,17.467588,19.387589,20.507587,21.317589,22.037588,22.647589,23.017588,23.207588,23.317589,23.317589,23.427588,23.617588,24.297588,24.707588,25.437588,24.607588,24.797588,24.487587,25.507587,24.027588,23.867588,22.627588,21.607588,20.597588,19.857588
8.107588,11.077588,7.557588,0.24758789,-0.5924121,0.05758789,1.2975879,2.267588,2.6075878,4.157588,4.027588,3.8475878,5.4375877,6.067588,6.297588,6.407588,6.867588,7.397588,7.967588,7.057588,6.6875877,6.9575877,6.407588,7.217588,8.947588,10.487588,11.327588,11.647588,12.307588,13.467587,14.827588,16.257587,17.587587,19.187588,21.367588,22.997587,23.857588,24.507587,25.027588,25.447588,24.837587,24.737587,24.537588,24.907587,24.707588,24.417587,24.447588,24.647589,24.217588,24.137589,24.027588,24.357588,25.137589,22.837587,22.867588,21.857588,21.117588,20.667587
8.847588,9.857588,8.407588,-1.4324121,-0.6124121,0.3975879,1.347588,2.3075879,2.957588,3.227588,3.967588,4.287588,5.277588,6.1675878,6.057588,6.7275877,7.5175877,7.847588,7.467588,6.7075877,6.277588,7.157588,7.677588,8.847588,10.027588,11.437588,12.287588,13.477588,14.597588,15.847588,17.337587,19.147589,20.187588,21.577587,22.867588,24.537588,25.247587,25.757587,26.197588,26.287588,25.767588,25.327587,25.587587,25.527588,25.017588,24.587587,23.727589,23.367588,23.597588,22.847588,22.907587,22.227589,22.467588,21.827587,23.037588,22.217588,21.237587,20.567589
8.917588,9.237588,6.347588,-0.23241211,0.12758788,0.02758789,0.6375879,1.0375879,2.1175878,3.6275878,4.547588,5.307588,5.647588,5.837588,6.837588,7.537588,8.357588,8.267588,7.5175877,5.837588,5.7075877,6.9375877,8.577588,9.977588,10.957588,11.787588,12.367588,12.857588,14.127588,15.737588,17.437588,18.627588,20.917587,21.557589,22.357588,23.367588,24.407587,25.227589,26.017588,26.217588,25.767588,25.107588,24.847588,24.507587,24.047588,23.527588,22.997587,22.857588,22.457588,21.637589,21.137589,20.857588,20.607588,20.547588,20.467588,19.547588,19.747587,18.927588
9.667588,7.4975877,9.657588,0.3575879,-0.7024121,-0.40241212,-0.1624121,0.4375879,1.9075879,2.747588,3.0675879,3.3475878,3.5575879,5.507588,7.097588,7.607588,7.367588,5.737588,5.9975877,7.307588,8.357588,9.287588,9.977588,9.597588,9.617588,10.587588,10.587588,11.017588,11.447588,12.987588,14.317588,15.607588,17.077587,17.547588,18.757587,19.737587,20.407587,20.287588,22.597588,21.907587,22.557589,22.917587,23.087587,22.937588,22.647589,22.067589,22.167587,22.437588,21.867588,21.327587,20.797588,20.377588,19.017588,17.217588,18.617588,18.407587,17.397589,15.897588
9.987588,9.007587,5.607588,-0.012412109,-1.7724121,-1.6024121,-1.4224122,-0.63241214,0.7975879,1.5375879,1.9575878,2.407588,4.407588,5.907588,7.337588,5.397588,5.847588,6.987588,8.607588,9.4275875,9.397588,9.357588,7.9575877,8.247588,8.187588,7.867588,7.757588,8.277588,9.247588,9.487588,11.377588,13.127588,14.687588,15.227588,15.797588,16.537588,17.317589,17.417587,18.397589,18.357588,20.667587,21.727589,21.447588,21.307589,22.757587,22.517588,21.657587,21.937588,21.957588,21.027588,19.747587,17.647589,14.667588,15.727588,15.617588,12.897588,10.367588,11.627588
11.297588,6.337588,1.0375879,-3.012412,-3.462412,-3.232412,-2.242412,-1.2124121,0.16758789,-0.6824121,0.5675879,2.5875878,2.8075879,2.1275878,2.787588,5.1675878,6.7675877,8.157588,7.9975877,7.197588,8.547588,6.277588,5.467588,5.287588,6.4575877,7.657588,8.957588,9.257587,9.077588,9.687588,10.6775875,11.537588,13.507587,14.107588,14.417588,15.327588,15.687588,16.467588,16.997587,17.967588,19.307589,21.597588,19.427588,16.537588,15.527588,13.387588,9.887588,9.377588,10.407588,10.307588,10.157588,10.637588,10.817588,10.107588,9.957588,8.917588,10.287588,11.727588
-3.1824121,-3.6224122,-4.462412,-4.3124123,-2.9524121,-2.6924121,-3.6024122,-4.592412,-5.442412,-4.262412,-3.4024122,-3.3624122,-2.772412,-1.1924121,0.9775879,3.1275878,5.027588,5.237588,4.927588,3.427588,3.927588,4.797588,6.337588,7.467588,9.147588,10.487588,11.697588,12.507587,12.707588,12.277588,11.877588,11.477588,12.407588,13.937588,14.067588,15.357588,14.547588,15.637588,15.987588,16.237587,16.067589,14.637588,10.297588,10.247588,9.607588,10.307588,11.227588,11.617588,10.977588,9.017588,9.197588,6.147588,4.067588,5.4775877,6.867588,7.9175878,8.297588,8.827588
-15.262412,-15.062412,-14.422412,-13.242413,-12.852412,-12.032413,-10.8224125,-9.262412,-7.182412,-5.322412,-3.3924122,-1.4124122,0.08758789,1.4375879,2.447588,3.2975879,3.8875878,4.5175877,4.297588,4.377588,5.217588,6.7675877,8.867588,11.367588,13.937588,15.167588,15.387588,15.637588,15.257587,14.137588,12.847588,12.907588,12.697588,13.487588,13.117588,12.837588,13.547588,14.377588,15.047588,15.067588,14.767588,14.047588,13.347588,10.977588,8.857588,7.547588,6.967588,4.7675877,4.2275877,4.7275877,6.137588,6.9975877,6.097588,7.577588,8.697588,8.977588,9.767588,10.727588
-12.152412,-12.782413,-13.222412,-13.152412,-12.232412,-10.632412,-8.882412,-7.2724123,-5.5824122,-3.8524122,-2.3524122,-0.8324121,0.6475879,1.5475879,2.5675879,3.1175878,3.747588,4.4375877,5.597588,6.797588,9.197588,11.797588,13.827588,14.747588,14.567588,14.707588,15.117588,14.967587,14.087588,12.807588,10.657588,11.687588,11.497588,12.027588,10.807588,10.457588,11.527588,12.367588,13.967587,15.997588,16.157587,13.797588,12.547588,12.407588,8.187588,6.127588,5.867588,5.817588,5.327588,6.277588,7.677588,8.307588,8.437588,8.747588,9.527588,9.887588,10.547588,10.577588
