examples/data/wind_2019_09_18T00.json
{"header": {"discipline":0,"disciplineName":"Meteorological products","gribEdition":2,"gribLength":80037,"center":7,"centerName":"US National Weather Service - NCEP(WMC)","subcenter":0,"refTime":"2019-09-18T00:00:00.000Z","significanceOfRT":0,"significanceOfRTName":"Analysis","productStatus":0,"productStatusName":"Operational products","productType":0,"productTypeName":"Analysis products","productDefinitionTemplate":0,"productDefinitionTemplateName":"Analysis/forecast at horizontal level/layer at a point in time","parameterCategory":2,"parameterCategoryName":"Momentum","parameterNumber":2,"parameterNumberName":"U-component_of_wind","parameterUnit":"m.s-1","genProcessType":0,"genProcessTypeName":"Analysis","forecastTime":0,"surface1Type":103,"surface1TypeName":"Specified height level above ground","surface1Value":80,"surface2Type":255,"surface2TypeName":"Missing","surface2Value":0,"gridDefinitionTemplate":0,"gridDefinitionTemplateName":"Latitude_Longitude","numberPoints":65160,"shape":6,"shapeName":"Earth spherical with radius of 6,371,229.0 m","gridUnits":"degrees","resolution":48,"winds":"true","scanMode":0,"nx":360,"ny":181,"basicAngle":0,"lo1":0,"la1":90,"lo2":359,"la2":-90,"dx":1,"dy":1}, "data":
[rows 52 to 77 of 181, columns 174 to 231 of 360]
2.937588,0.5275879,0.01758789,-2.6624122,-5.0824122,-4.692412,-3.772412,-4.442412,-5.162412,-6.412412,-8.502412,-7.862412,-7.702412,-5.742412,-1.532412,-2.8924122,-1.9724121,-1.6724122,-1.1124121,-2.492412,-5.5424123,-6.242412,-6.032412,-5.992412,-6.592412,-6.532412,-6.802412,-7.352412,-7.852412,-7.912412,-7.2724123,-6.4824123,-6.2924123,-5.532412,-5.412412,-4.7924123,-4.462412,-2.812412,-1.0724121,0.8775879,-1.6824121,-1.8024122,-1.2724121,0.7575879,2.217588,3.277588,4.527588,5.697588,6.607588,6.777588,7.087588,8.217587,9.387588,10.067588,10.767588,10.157588,10.187588,9.977588
1.8675879,-1.0924121,-1.8424121,-4.7524123,-5.822412,-5.0024123,-4.592412,-4.382412,-4.892412,-6.7524123,-8.132412,-6.5624123,-7.702412,-3.032412,-2.6924121,-0.69241214,-3.1524122,-3.022412,-2.6324122,-3.262412,-7.162412,-5.5024123,-6.552412,-6.202412,-6.612412,-7.5624123,-7.372412,-7.5824122,-6.452412,-5.4824123,-5.7724123,-8.292412,-7.852412,-6.912412,-5.592412,-5.922412,-5.702412,-4.322412,-3.1624122,-2.502412,-2.292412,-0.9324121,0.3575879,1.0475879,1.6775879,2.707588,3.527588,3.527588,4.507588,5.557588,6.0175877,6.5175877,7.357588,7.837588,8.087588,8.267588,8.097588,7.7475877
-0.43241212,-0.6624121,-2.342412,-4.952412,-4.652412,-4.692412,-4.462412,-4.5624123,-4.222412,-6.442412,-6.392412,-2.8524122,-3.9324121,-1.4624121,0.21758789,1.4975879,-3.742412,-2.1724122,-2.312412,-1.4824121,-3.092412,-5.422412,-4.742412,-4.8324122,-5.2524123,-6.452412,-7.242412,-7.032412,-7.0624123,-6.702412,-5.692412,-5.892412,-7.902412,-7.352412,-6.5424123,-6.442412,-5.392412,-4.862412,-4.102412,-3.802412,-3.272412,-2.962412,-2.8524122,-2.342412,-1.6924121,-0.6824121,0.5675879,1.1175879,2.0475879,2.707588,3.6375878,4.537588,5.617588,6.1875877,6.317588,6.617588,6.4975877,6.4775877
-1.402412,-2.1324122,-3.522412,-4.682412,-5.782412,-4.672412,-3.322412,-4.702412,-4.7524123,-6.212412,-6.3324122,0.4675879,-3.1224122,-1.0824121,-1.5124121,0.8775879,-2.022412,-1.6624122,-0.82241213,-0.2824121,-2.9424121,-3.282412,-4.132412,-1.6824121,-3.2024121,-4.452412,-4.5824122,-4.682412,-5.702412,-5.932412,-5.422412,-4.602412,-3.6424122,-5.552412,-7.2324123,-7.192412,-6.462412,-7.282412,-6.032412,-4.672412,-3.972412,-3.332412,-3.6524122,-3.272412,-3.1624122,-3.072412,-1.6724122,-0.7724121,0.02758789,0.8275879,1.0775878,1.6475879,2.5475879,3.477588,3.8475878,3.447588,3.767588,3.8375878
-2.232412,-3.462412,-4.142412,-4.5224123,-4.932412,-5.222412,-3.272412,-4.382412,-5.092412,-3.842412,-3.022412,3.007588,0.6675879,-0.5524121,-1.8224121,-1.4124122,-1.5824121,-0.76241213,-0.5224121,0.0075878906,1.0275879,-1.6024121,-2.8824122,-2.3924122,-2.772412,-2.1024122,-3.6124122,-4.172412,-1.9824121,-4.462412,-3.1324122,-3.282412,-3.9224122,-3.732412,-3.462412,-6.262412,-5.922412,-5.0624123,-6.492412,-5.612412,-4.512412,-4.072412,-3.962412,-4.3124123,-3.532412,-4.282412,-3.732412,-2.8924122,-1.6424121,-1.2924122,-0.69241214,0.117587894,0.2975879,1.097588,1.9875879,1.8575879,2.517588,1.4975879
-2.582412,-3.6924121,-4.0624123,-4.072412,-5.202412,-4.172412,-3.722412,-3.342412,-3.022412,1.1475879,2.437588,1.9875879,-0.02241211,-0.08241211,-0.6424121,-2.502412,-1.9824121,-1.0624121,-0.0024121094,1.597588,1.8375878,2.247588,0.1475879,-0.6724121,-3.082412,-3.322412,-2.722412,-4.2724123,-4.742412,-3.572412,-4.162412,-4.462412,-3.1424122,-3.592412,-4.112412,-4.412412,-2.8924122,-5.922412,-4.0024123,-6.602412,-7.672412,-5.962412,-5.202412,-5.052412,-5.3124123,-5.472412,-5.112412,-4.5824122,-3.6924121,-3.3724122,-2.822412,-2.472412,-2.1424122,-2.052412,-1.652412,-1.1624122,-0.7124121,-0.49241212
-4.0224123,-4.192412,-4.532412,-4.572412,-4.612412,-4.2324123,-3.742412,-3.2024121,-2.4324121,0.6275879,1.467588,3.417588,1.4075879,-0.7224121,-4.452412,-3.542412,-2.842412,-1.8924121,-0.9124121,0.61758786,1.4375879,1.9875879,-0.1824121,-0.9024121,-1.7624121,-3.312412,-3.242412,-2.722412,-3.6124122,-3.6024122,-3.7024121,-3.962412,-4.632412,-4.072412,-3.562412,-3.312412,-1.7724121,-3.6924121,-5.932412,-3.4324121,-2.2024121,-5.652412,-8.122412,-6.172412,-5.7324123,-5.552412,-6.0024123,-6.622412,-5.902412,-6.0024123,-5.342412,-4.012412,-3.572412,-3.4124122,-3.742412,-3.522412,-3.6524122,-2.8724122
-4.262412,-4.072412,-4.712412,-4.392412,-3.822412,-3.082412,-3.1224122,0.01758789,2.267588,4.2075877,0.05758789,0.34758788,-0.15241212,-1.652412,-4.402412,-5.2924123,-5.092412,-3.552412,-3.492412,-1.9724121,-0.2424121,0.4675879,-1.6224121,-1.7024121,-2.842412,-3.562412,-3.722412,-2.802412,-4.262412,-4.532412,-3.222412,-4.922412,-4.392412,-4.032412,-4.782412,-4.492412,-3.8824122,-4.842412,-4.7324123,-4.452412,-4.162412,-2.8924122,-2.4024122,-6.202412,-6.402412,-5.762412,-4.152412,-5.432412,-8.422412,-6.972412,-5.642412,-5.572412,-4.192412,-5.642412,-5.2324123,-4.552412,-4.642412,-4.402412
-6.282412,-5.842412,-4.822412,-4.7724123,-3.222412,-1.2124121,0.13758789,4.627588,5.817588,3.5675879,3.207588,1.8375878,0.5875879,-1.0224121,-1.6624122,-2.752412,-3.8824122,-4.012412,-4.032412,-3.6024122,-2.8724122,-2.8924122,-2.9124122,-2.822412,-2.8924122,-3.242412,-2.8924122,-1.6924121,-3.2024121,-5.912412,-4.182412,-3.992412,-4.2524123,-3.8924122,-4.242412,-5.182412,-5.102412,-3.812412,-3.6724122,-3.802412,-2.1524122,-0.9324121,-1.8224121,-2.4524121,-3.6524122,-6.2724123,-5.382412,-4.172412,-1.8124121,-6.122412,-7.072412,-5.222412,-4.622412,-3.242412,-1.5824121,-2.812412,-6.692412,-6.8124123
-4.992412,-4.572412,-3.832412,-2.552412,-3.962412,-0.2624121,5.4975877,4.927588,3.727588,2.497588,2.527588,-0.02241211,-1.6324121,-1.2224121,-2.732412,-2.6224122,-3.6524122,-4.412412,-4.602412,-4.7324123,-4.3124123,-3.742412,-1.9924121,-1.6824121,-1.8424121,-2.312412,-2.9124122,-4.152412,-3.1424122,-5.462412,-5.492412,-5.822412,-5.672412,-5.192412,-4.892412,-3.1224122,-5.212412,-4.872412,-4.842412,-4.802412,-4.132412,-3.2024121,-1.9424121,-1.9124122,-1.7524121,-0.15241212,-1.7024121,0.05758789,-0.6024121,-3.1124122,-2.072412,-3.4024122,-1.6924121,-3.982412,-4.452412,-4.322412,-3.832412,-3.232412
-6.662412,-6.462412,-3.4224122,1.3975879,4.177588,4.617588,3.6275878,2.487588,1.1975878,0.61758786,-0.3524121,-1.9524121,-3.1824121,-3.082412,-3.482412,-4.802412,-5.032412,-4.8124123,-5.892412,-5.152412,-2.472412,-1.0424122,-1.2724121,-1.6224121,-2.6324122,-3.482412,-4.302412,-4.202412,-5.242412,-5.372412,-6.432412,-6.0424123,-6.5424123,-5.0624123,-5.8324122,-5.712412,-5.632412,-6.012412,-5.122412,-5.512412,-5.2924123,-5.3324122,-5.5424123,-4.572412,-4.602412,-4.452412,-4.112412,-4.202412,-3.282412,-3.3624122,-4.712412,-4.5224123,-5.852412,-5.672412,-6.392412,-6.7924123,-6.442412,-6.132412
-2.022412,0.9475879,3.8875878,2.437588,2.1475878,2.027588,1.0575879,-0.04241211,-0.5524121,-1.652412,-2.4524121,-3.792412,-3.8624122,-4.432412,-5.0224123,-5.782412,-5.492412,-5.092412,-4.462412,-3.762412,-3.522412,-3.732412,-4.3124123,-2.9324121,-4.5024123,-4.5824122,-5.0424123,-5.492412,-5.7324123,-5.682412,-6.222412,-6.7324123,-7.882412,-6.9824123,-6.642412,-6.762412,-7.3124123,-7.162412,-7.092412,-6.5424123,-6.432412,-6.242412,-6.0024123,-6.092412,-5.922412,-6.0424123,-5.602412,-5.822412,-4.692412,-4.0424123,-5.902412,-5.942412,-5.872412,-6.572412,-6.012412,-6.432412,-5.652412,-5.412412
2.457588,1.347588,1.1675879,0.28758788,0.6875879,-0.7324121,-0.9224121,-1.8424121,-1.7324121,-2.9424121,-3.992412,-4.762412,-5.692412,-5.8324122,-5.612412,-4.822412,-5.262412,-5.3324122,-5.0424123,-5.2924123,-5.342412,-5.0024123,-6.032412,-5.952412,-6.162412,-5.692412,-5.942412,-5.882412,-5.942412,-6.412412,-5.642412,-5.5424123,-6.052412,-7.472412,-8.012412,-7.302412,-7.452412,-7.722412,-7.0624123,-7.132412,-6.842412,-7.462412,-7.0424123,-8.592412,-7.212412,-7.262412,-6.782412,-6.162412,-7.102412,-6.262412,-6.672412,-7.2524123,-6.402412,-6.5024123,-6.162412,-6.712412,-6.652412,-5.802412
1.3175879,0.5275879,-0.43241212,-0.9224121,-1.5824121,-2.052412,-2.302412,-2.992412,-3.542412,-4.852412,-5.8324122,-6.392412,-7.142412,-7.092412,-6.442412,-5.942412,-6.942412,-6.682412,-7.052412,-6.612412,-6.0224123,-6.162412,-6.972412,-6.2924123,-6.762412,-6.322412,-7.722412,-7.392412,-6.872412,-6.922412,-7.5824122,-7.032412,-7.2724123,-7.8324122,-9.112412,-9.3224125,-9.022412,-7.932412,-7.112412,-10.432412,-8.172412,-8.832412,-9.532413,-6.922412,-7.472412,-6.882412,-6.5624123,-6.672412,-6.202412,-6.0624123,-6.432412,-5.882412,-7.072412,-6.822412,-7.442412,-6.682412,-6.192412,-6.192412
0.3875879,-0.7424121,-1.6924121,-2.762412,-2.8624122,-2.6824121,-3.782412,-4.392412,-4.762412,-6.162412,-6.8324122,-8.472412,-8.502412,-7.5624123,-5.5224123,-5.0624123,-7.512412,-8.172412,-8.012412,-7.7724123,-5.682412,-5.442412,-4.5424123,-6.212412,-7.642412,-8.802412,-8.652412,-7.682412,-8.122412,-7.682412,-7.452412,-7.892412,-8.492413,-7.092412,-7.9824123,-7.3124123,-7.842412,-7.882412,-6.842412,-6.302412,-7.3324122,-7.702412,-6.5224123,-6.572412,-7.572412,-7.962412,-8.082412,-6.282412,-6.692412,-6.742412,-6.282412,-5.992412,-6.402412,-7.092412,-6.722412,-6.372412,-6.652412,-6.2324123
-1.2624121,-3.1224122,-3.3724122,-3.742412,-3.462412,-3.8524122,-4.822412,-5.0824122,-5.852412,-6.782412,-8.712412,-8.852412,-8.512412,-8.352412,-7.282412,-8.252412,-9.112412,-6.7924123,-10.052412,-7.452412,-9.042412,-7.132412,-5.212412,-5.192412,-5.702412,-8.302412,-9.352412,-7.632412,-7.962412,-9.992413,-9.672412,-7.072412,-7.592412,-7.532412,-7.392412,-6.892412,-8.032413,-7.032412,-8.3224125,-8.672412,-8.562412,-7.662412,-6.962412,-6.702412,-7.2524123,-6.9824123,-6.512412,-5.7924123,-5.7324123,-5.692412,-5.872412,-5.402412,-5.822412,-6.762412,-6.952412,-6.742412,-6.3324122,-6.722412
-2.092412,-3.752412,-3.962412,-3.092412,-3.752412,-3.002412,-4.162412,-4.922412,-6.4824123,-7.152412,-8.352412,-8.662412,-9.582412,-9.5724125,-9.852412,-8.612412,-7.5024123,-9.262412,-10.152412,-10.262412,-9.892412,-9.252412,-7.942412,-6.942412,-5.282412,-4.102412,-5.032412,-8.142412,-8.682412,-10.422412,-9.752412,-8.212412,-8.682412,-7.882412,-6.942412,-8.272412,-6.702412,-6.402412,-6.4824123,-7.702412,-7.5624123,-7.362412,-7.722412,-6.452412,-6.352412,-6.602412,-6.172412,-5.802412,-5.492412,-5.2724123,-4.722412,-5.282412,-5.282412,-6.592412,-6.682412,-6.712412,-6.072412,-6.5224123
-2.252412,-2.962412,-4.3124123,-3.332412,-2.742412,-3.9224122,-2.8924122,-4.8324122,-5.2524123,-6.922412,-7.5424123,-6.352412,-8.762412,-12.712412,-12.062412,-11.672412,-10.032413,-7.5424123,-9.552412,-10.582412,-10.962412,-10.0724125,-8.8224125,-9.132412,-7.492412,-4.712412,-3.052412,-5.072412,-1.9324121,-3.092412,-8.212412,-7.622412,-6.652412,-7.012412,-6.322412,-6.802412,-8.162412,-7.092412,-6.402412,-5.472412,-5.722412,-6.402412,-7.5624123,-7.0624123,-6.872412,-6.7724123,-6.652412,-5.642412,-5.2724123,-5.4824123,-6.192412,-5.462412,-5.302412,-6.5024123,-6.322412,-6.552412,-5.972412,-6.452412
-3.252412,-2.6824121,-2.1924121,-2.742412,-2.4224122,-3.8724122,-3.3524122,-4.2324123,-4.742412,-4.402412,-3.712412,-5.692412,-4.0624123,1.2875879,-2.3924122,-3.742412,-3.212412,-4.642412,-5.672412,-9.022412,-12.112412,-11.442412,-9.942412,-10.712412,-9.622412,-7.072412,-4.372412,-3.022412,-3.1724122,-4.412412,2.417588,-5.7724123,-6.112412,-7.172412,-7.532412,-7.0624123,-6.372412,-7.202412,-7.122412,-7.5224123,-6.782412,-6.692412,-7.0424123,-6.972412,-6.472412,-6.7924123,-5.992412,-6.032412,-5.932412,-6.642412,-7.2924123,-6.802412,-5.192412,-5.7724123,-5.372412,-6.402412,-5.462412,-5.882412
-3.3924122,-2.972412,-2.9124122,-1.7924122,-2.3524122,-3.052412,-2.262412,-2.722412,-2.022412,-0.49241212,2.197588,5.147588,7.547588,5.2075877,3.6375878,-0.15241212,-0.5624121,0.10758789,-2.9124122,-5.632412,-7.5224123,-11.052412,-11.672412,-11.532413,-10.362412,-8.402412,-6.452412,-5.7524123,-6.142412,-7.532412,-7.0424123,-5.912412,-7.342412,-7.872412,-7.842412,-8.512412,-7.922412,-8.342412,-8.282413,-7.8124123,-6.892412,-6.992412,-7.922412,-7.092412,-6.622412,-6.322412,-6.202412,-5.712412,-5.872412,-7.282412,-7.4824123,-7.402412,-5.672412,-5.112412,-4.852412,-4.892412,-5.412412,-4.872412
-2.742412,-3.292412,-3.462412,-2.322412,-2.6224122,-2.302412,-2.092412,-1.3224121,0.7275879,2.8975878,4.557588,6.877588,9.807588,8.087588,7.527588,4.307588,0.9075879,2.3575878,2.777588,-1.3524121,-7.722412,-10.982412,-11.612412,-11.022412,-9.972412,-9.432412,-8.752412,-7.7924123,-7.3124123,-5.622412,-7.622412,-6.512412,-6.8124123,-6.882412,-6.632412,-7.952412,-8.982412,-8.712412,-8.212412,-8.562412,-8.052412,-7.7724123,-7.722412,-6.962412,-5.152412,-5.552412,-5.192412,-5.892412,-5.352412,-7.452412,-7.9824123,-7.392412,-7.012412,-5.902412,-4.392412,-3.782412,-4.2924123,-4.032412
-2.6924121,-1.4824121,-2.8724122,-3.242412,-2.3724122,-2.082412,-1.5724121,1.2875879,1.8175879,4.737588,10.917588,12.527588,11.517588,9.817588,7.6675878,5.027588,5.5175877,4.867588,5.257588,5.347588,1.2375879,-3.3624122,-4.422412,-6.5224123,-7.472412,-8.102412,-9.022412,-8.382412,-8.382412,-7.7524123,-6.5424123,-6.2324123,-7.0424123,-6.192412,-5.702412,-8.5724125,-8.412412,-8.692412,-8.282413,-9.342412,-9.202412,-8.102412,-6.882412,-6.102412,-6.572412,-5.402412,-5.2524123,-6.092412,-5.862412,-8.082412,-7.592412,-7.722412,-7.912412,-6.282412,-4.942412,-3.1224122,-2.4224122,-2.3524122
-2.552412,-1.8424121,-1.8324121,-2.3824122,-2.802412,-1.3324121,-1.282412,7.347588,10.667588,11.647588,12.897588,12.627588,11.897588,9.807588,8.337588,7.257588,6.347588,6.827588,7.4375877,8.267588,7.907588,8.337588,8.607588,7.567588,-2.462412,-4.902412,-7.122412,-7.412412,-7.642412,-7.2724123,-7.3124123,-5.932412,-5.612412,-6.3124123,-4.7924123,-7.462412,-7.072412,-7.192412,-7.712412,-8.702412,-9.562412,-8.632412,-7.932412,-7.362412,-6.682412,-5.5024123,-4.2724123,-5.122412,-5.592412,-8.122412,-8.352412,-10.262412,-10.002412,-7.532412,-4.742412,-2.552412,-1.4124122,1.5775878
1.1975878,-0.3224121,0.21758789,1.0075879,7.077588,11.377588,9.687588,11.247588,12.607588,11.227588,13.047588,12.127588,11.437588,9.127588,8.307588,8.107588,7.4175878,7.7075877,7.557588,8.457588,8.817588,9.157588,8.777588,8.697588,2.037588,-0.3224121,-1.7024121,-3.6624122,-6.712412,-6.722412,-7.762412,-6.2924123,-4.442412,-5.662412,-4.342412,-5.532412,-4.642412,-6.882412,-8.082412,-9.412412,-8.882412,-8.522412,-7.802412,-7.952412,-7.0224123,-5.912412,-4.2324123,-1.9724121,-4.602412,-5.2524123,-6.202412,-10.742413,-8.162412,-5.762412,-4.402412,-3.3724122,0.28758788,1.5375879
9.037588,6.847588,8.037588,9.557588,11.247588,12.747588,13.367588,12.807588,12.477588,12.267588,10.967587,10.377588,9.737588,8.047588,8.1775875,7.9375877,7.6675878,7.9575877,8.127588,9.357588,8.697588,8.217587,8.957588,7.6875877,5.307588,2.8875878,0.55758786,-2.482412,-3.522412,-6.432412,-6.402412,-6.2924123,-4.612412,-3.302412,-4.682412,-3.8824122,-5.2324123,-5.862412,-6.2524123,-5.882412,-6.822412,-6.782412,-6.912412,-5.822412,-4.7524123,-5.242412,-3.6524122,-1.5424122,0.6875879,-1.2124121,-2.842412,0.41758788,5.867588,2.937588,2.5875878,1.6375879,3.667588,3.717588
10.487588,11.117588,10.407588,12.6775875,14.607588,12.167588,13.447588,12.437588,11.857588,10.527588,10.397588,9.487588,8.617588,7.9375877,7.807588,7.377588,7.9575877,8.547588,8.707588,8.597588,8.637588,7.7675877,7.677588,6.297588,6.547588,5.277588,3.5975878,0.1475879,-0.23241211,-1.6324121,-4.352412,-5.942412,-4.262412,-2.552412,-4.532412,-5.5624123,-6.302412,-4.642412,-3.492412,-0.6224121,1.1975878,-1.6324121,-6.5024123,-4.7324123,-4.142412,-3.462412,-2.6524122,-1.5424122,1.2475879,4.4575877,7.617588,9.067588,8.857588,7.0175877,5.257588,3.467588,5.7675877,6.397588
