examples/data/wind_2019_09_18T00.json
{"header": {"discipline":0,"disciplineName":"Meteorological products","gribEdition":2,"gribLength":80514,"center":7,"centerName":"US National Weather Service - NCEP(WMC)","subcenter":0,"refTime":"2019-09-18T00:00:00.000Z","significanceOfRT":0,"significanceOfRTName":"Analysis","productStatus":0,"productStatusName":"Operational products","productType":0,"productTypeName":"Analysis products","productDefinitionTemplate":0,"productDefinitionTemplateName":"Analysis/forecast at horizontal level/layer at a point in time","parameterCategory":2,"parameterCategoryName":"Momentum","parameterNumber":3,"parameterNumberName":"V-component_of_wind","parameterUnit":"m.s-1","genProcessType":0,"genProcessTypeName":"Analysis","forecastTime":0,"surface1Type":103,"surface1TypeName":"Specified height level above ground","surface1Value":80,"surface2Type":255,"surface2TypeName":"Missing","surface2Value":0,"gridDefinitionTemplate":0,"gridDefinitionTemplateName":"Latitude_Longitude","numberPoints":65160,"shape":6,"shapeName":"Earth spherical with radius of 6,371,229.0 m","gridUnits":"degrees","resolution":48,"winds":"true","scanMode":0,"nx":360,"ny":181,"basicAngle":0,"lo1":0,"la1":90,"lo2":359,"la2":-90,"dx":1,"dy":1}, "data":
[rows 135 to 161 of 181, columns 124 to 185 of 360]
-8.76417,-13.19417,-12.33417,-11.16417,-11.07417,-11.254169,-12.9641695,-13.35417,-15.254169,-17.41417,-18.78417,-17.91417,-16.72417,-16.484169,-15.39417,-14.47417,-14.41417,-13.35417,-11.83417,-11.66417,-10.04417,-9.59417,-9.22417,-9.53417,-8.60417,-8.52417,-7.78417,-6.2641697,-5.35417,-4.30417,-3.66417,-3.54417,-5.33417,-5.9941697,-6.18417,-5.7041698,-5.00417,-3.53417,-2.15417,-1.2941699,-1.46417,-1.72417,-2.50417,-1.22417,-4.00417,-2.16417,-1.0741699,-1.3141699,-2.70417,-1.8041699,-7.56417,-6.16417,-3.6241698,-0.7141699,0.7058301,1.7358301,2.9258301,4.30583,4.31583,5.82583,6.42583,7.81583
-8.05417,-8.9641695,-8.53417,-11.66417,-9.83417,-9.88417,-9.27417,-11.40417,-14.77417,-16.18417,-17.24417,-18.41417,-18.38417,-17.35417,-16.61417,-15.39417,-14.22417,-13.49417,-12.95417,-11.61417,-10.74417,-9.9641695,-9.66417,-9.58417,-9.13417,-8.73417,-8.61417,-8.02417,-7.19417,-6.4741697,-6.71417,-6.87417,-5.30417,-5.16417,-4.89417,-5.85417,-5.82417,-5.54417,-4.67417,-3.5841699,-2.76417,-2.6241698,-3.31417,-4.10417,-3.0841699,-4.55417,-1.86417,-3.23417,-4.87417,-7.5141697,-6.73417,-5.39417,-3.28417,0.21583007,1.8258301,1.8058301,2.1658301,2.8858302,2.95583,4.76583,5.12583,5.84583
-9.04417,-9.504169,-9.61417,-8.74417,-5.0141697,-9.63417,-8.14417,-7.7241697,-10.65417,-13.65417,-14.88417,-16.25417,-17.34417,-17.59417,-18.18417,-16.18417,-15.43417,-14.58417,-13.18417,-11.97417,-11.91417,-10.19417,-8.92417,-8.67417,-8.26417,-8.18417,-8.06417,-8.01417,-8.47417,-7.69417,-6.73417,-6.53417,-6.80417,-6.7041698,-6.4541698,-5.98417,-5.30417,-4.63417,-4.41417,-4.16417,-3.5741699,-3.18417,-3.0941699,-3.31417,-3.1341698,-6.48417,-5.9541698,-6.14417,-6.5141697,-6.73417,-5.69417,-4.02417,-2.3241699,0.15583009,-0.004169922,-0.68416995,0.29583007,0.6558301,1.40583,2.71583,4.28583,5.11583
-9.88417,-10.55417,-9.03417,-4.68417,-8.95417,-4.82417,-2.6141698,-3.80417,-7.58417,-7.28417,-11.27417,-14.15417,-16.58417,-17.34417,-17.36417,-16.96417,-16.37417,-15.55417,-13.9641695,-12.95417,-11.47417,-10.58417,-9.70417,-9.13417,-8.94417,-8.9641695,-9.08417,-8.79417,-8.38417,-7.30417,-7.34417,-7.2241697,-7.34417,-7.36417,-7.31417,-7.12417,-6.69417,-5.98417,-5.27417,-4.39417,-3.65417,-3.5741699,-4.2241697,-4.19417,-3.3641698,-2.29417,-4.80417,-5.7041698,-5.2041698,-4.7241697,-5.29417,-4.0141697,-2.95417,-2.6441698,-1.97417,-1.7641699,-1.7941699,-1.25417,-0.014169922,0.73583007,2.08583,3.81583
-12.90417,-11.92417,-10.74417,-7.83417,-5.87417,-5.06417,-1.1741699,-2.6341698,-0.63416994,-0.4741699,-6.73417,-12.78417,-12.69417,-15.19417,-16.92417,-16.93417,-16.66417,-16.12417,-15.80417,-13.51417,-11.93417,-12.254169,-11.45417,-10.254169,-9.76417,-9.79417,-9.19417,-8.47417,-8.40417,-8.28417,-8.05417,-7.7641697,-7.46417,-7.32417,-6.94417,-6.98417,-6.7041698,-6.40417,-5.84417,-4.96417,-4.52417,-4.2041698,-4.7441697,-5.44417,-5.81417,-6.43417,-5.4741697,-4.78417,-5.07417,-5.30417,-5.25417,-5.03417,-4.25417,-3.77417,-3.0841699,-2.8741698,-3.05417,-2.8341699,-2.20417,-0.93416995,0.16583008,1.63583
-12.27417,-12.64417,-10.05417,-6.9741697,-5.94417,-5.03417,-5.4741697,-3.00417,-0.26416993,-0.20416993,-1.2041699,1.4358301,-0.5541699,-13.20417,-13.44417,-14.04417,-14.9641695,-15.43417,-15.20417,-14.74417,-12.62417,-11.254169,-10.43417,-9.85417,-9.34417,-8.93417,-8.55417,-8.89417,-8.79417,-8.09417,-7.2441697,-6.57417,-6.4541698,-6.34417,-6.35417,-6.36417,-6.32417,-5.98417,-5.50417,-4.86417,-4.48417,-4.59417,-5.08417,-6.03417,-5.90417,-6.29417,-6.68417,-6.19417,-5.33417,-4.62417,-4.5141697,-4.9741697,-5.59417,-5.32417,-4.79417,-4.27417,-4.33417,-4.4941697,-3.6341698,-2.5741699,-1.4541699,0.025830079
-12.92417,-12.10417,-9.88417,-8.61417,-8.01417,-6.40417,-4.36417,-3.17417,-4.30417,-5.86417,-3.26417,-2.17417,-1.37417,-0.4441699,-0.39416993,0.6358301,0.8958301,-0.51416993,-2.50417,-3.02417,-3.76417,-4.9941697,-5.31417,-5.35417,-5.46417,-4.44417,-3.72417,-3.27417,-2.68417,-2.1041698,-1.35417,-1.3041699,-0.81416994,-1.4141699,-0.6141699,0.38583007,0.22583008,-0.034169924,0.29583007,0.48583007,-0.5441699,-3.1341698,-3.3241699,-3.15417,-5.03417,-5.21417,-6.82417,-6.91417,-6.7241697,-5.7241697,-5.5141697,-4.69417,-4.82417,-5.87417,-6.39417,-6.14417,-5.27417,-5.57417,-5.14417,-3.94417,-3.48417,-1.50417
-14.13417,-11.98417,-10.95417,-9.87417,-9.12417,-8.01417,-7.71417,-6.02417,-5.56417,-4.9541698,-3.92417,-4.19417,-5.17417,-7.08417,-6.9541698,-5.64417,-4.46417,-4.00417,-4.02417,-4.37417,-4.54417,-5.42417,-5.63417,-3.96417,-2.80417,-2.3641698,-2.41417,-2.50417,-2.17417,-2.20417,-2.15417,-1.8241699,-1.5841699,-1.3841699,-1.24417,-0.9541699,-0.26416993,0.31583008,0.62583005,0.5758301,0.68583006,0.81583005,0.21583007,-0.6041699,0.38583007,1.02583,-0.7841699,-2.1341698,-2.3541698,-5.69417,-5.61417,-6.16417,-6.06417,-5.79417,-6.46417,-7.73417,-6.86417,-7.09417,-5.7641697,-6.2241697,-6.17417,-3.92417
-14.81417,-14.19417,-12.4641695,-10.93417,-9.65417,-8.74417,-7.9541698,-6.81417,-6.05417,-4.31417,-4.56417,-6.30417,-4.43417,-3.50417,-3.40417,-4.61417,-4.4541698,-3.79417,-3.3541698,-3.1241698,-3.1041698,-3.52417,-3.45417,-2.74417,-2.02417,-1.8341699,-1.4541699,-1.4141699,-1.84417,-1.0441699,-0.87416995,-0.88416994,-1.0741699,-1.5141699,-1.3141699,-1.1441699,-0.7741699,-0.12416992,0.25583008,0.025830079,-0.15416992,-0.5441699,-0.42416993,-0.5841699,-1.0241699,-0.6041699,-0.21416992,0.005830078,1.0758301,0.87583005,-0.6441699,-5.7441697,-7.60417,-7.40417,-7.2441697,-8.03417,-8.05417,-7.83417,-7.4941697,-7.64417,-7.54417,-5.81417
-15.7141695,-14.55417,-13.57417,-12.11417,-10.57417,-8.99417,-7.92417,-6.9741697,-6.25417,-6.48417,-6.16417,-6.18417,-6.2241697,-5.98417,-5.46417,-4.98417,-4.42417,-4.65417,-4.7041698,-3.96417,-3.77417,-3.8341699,-3.80417,-3.28417,-1.7841699,-0.32416993,0.15583009,0.5158301,0.5958301,0.5258301,0.45583007,0.4658301,0.36583006,0.55583006,0.21583007,0.035830077,-0.38416994,-0.63416994,-0.29416993,0.14583008,0.13583007,-1.1341699,-1.2741699,-2.00417,-2.0941699,-2.21417,-2.05417,-0.20416993,0.29583007,-0.57416993,1.7958301,0.24583007,-1.48417,-8.15417,-7.7241697,-8.94417,-9.56417,-10.01417,-9.72417,-9.47417,-8.7141695,-7.60417
-16.36417,-14.94417,-13.754169,-12.004169,-10.60417,-8.65417,-7.68417,-6.59417,-6.11417,-6.05417,-6.03417,-5.5141697,-5.7241697,-5.31417,-5.4741697,-4.86417,-4.21417,-4.28417,-4.04417,-3.51417,-2.73417,-2.65417,-2.8641698,-2.5741699,-1.5441699,0.015830077,0.55583006,0.74583006,0.6958301,0.6558301,0.8558301,0.8258301,0.7058301,0.5458301,0.04583008,-0.49416992,-0.3441699,0.23583008,-0.62416995,-0.87416995,-1.3941699,-1.6741699,-2.53417,-3.01417,-3.51417,-3.6241698,-2.93417,-2.8341699,-2.29417,-0.5341699,-0.5341699,1.0458301,0.7858301,-0.56416994,-6.34417,-8.01417,-9.87417,-10.54417,-11.22417,-11.13417,-10.61417,-9.64417
-16.17417,-15.51417,-14.44417,-12.82417,-11.13417,-9.73417,-8.07417,-6.75417,-6.06417,-6.05417,-5.7241697,-5.61417,-5.62417,-5.52417,-5.28417,-4.9941697,-3.6041698,-2.1441698,-1.72417,-1.2641699,-0.5941699,-0.04416992,0.5458301,0.28583008,-0.39416993,-0.29416993,0.42583007,0.41583008,0.36583006,0.29583007,0.29583007,0.38583007,0.38583007,0.06583008,0.035830077,-0.2541699,-0.48416993,-0.5241699,-0.5541699,-0.69416994,-2.43417,-2.00417,-3.26417,-3.3741698,-3.8741698,-4.02417,-3.5741699,-4.50417,-3.3941698,-2.00417,-2.01417,-0.75416994,-0.13416992,0.99583006,0.4358301,-6.00417,-9.45417,-10.89417,-12.004169,-12.01417,-12.51417,-11.58417
-16.69417,-15.7141695,-14.45417,-12.44417,-11.33417,-10.04417,-8.89417,-7.31417,-6.46417,-6.15417,-5.91417,-6.2441697,-6.53417,-5.9941697,-5.19417,-4.55417,-3.19417,-1.5341699,-0.6041699,0.25583008,0.8358301,1.5858301,2.34583,2.53583,2.1058302,1.4358301,1.27583,1.2358301,0.7058301,0.04583008,-0.33416992,-0.5341699,-0.82416993,-1.0341699,-1.3141699,-1.3241699,-1.34417,-1.46417,-1.3941699,-1.5341699,-2.31417,-2.8441699,-2.5941699,-3.67417,-4.55417,-4.78417,-4.71417,-4.77417,-3.97417,-3.6241698,-3.41417,-1.4341699,-0.5441699,-0.084169924,0.8258301,0.19583008,-9.98417,-11.32417,-12.24417,-12.84417,-13.40417,-12.84417
-17.51417,-16.36417,-14.70417,-12.58417,-11.34417,-10.20417,-9.2141695,-7.86417,-7.36417,-6.61417,-6.63417,-6.81417,-7.07417,-5.89417,-3.8541698,-2.23417,-1.2641699,-0.43416992,0.8258301,1.77583,2.82583,3.9258301,5.21583,5.46583,4.94583,4.80583,4.2558303,4.01583,3.24583,2.28583,1.3458301,0.38583007,-0.33416992,-0.8341699,-0.9841699,-1.09417,-1.4341699,-1.71417,-2.3541698,-2.76417,-3.20417,-3.02417,-3.74417,-3.17417,-5.46417,-4.41417,-4.12417,-4.59417,-3.8941698,-4.19417,-4.58417,-3.3841698,-1.96417,-0.36416993,0.73583007,0.3058301,-2.28417,-12.43417,-12.92417,-13.32417,-13.84417,-13.66417
-16.54417,-15.52417,-14.06417,-12.254169,-11.27417,-9.94417,-9.20417,-8.03417,-7.64417,-7.30417,-7.91417,-7.71417,-6.44417,-4.4741697,-2.50417,-1.7741699,-0.4441699,0.45583007,1.8358301,3.32583,4.37583,5.36583,7.51583,8.26583,8.35583,7.2758303,6.83583,6.36583,5.67583,4.5058303,3.00583,1.3258301,-0.12416992,-0.8641699,-1.4341699,-1.8341699,-2.19417,-3.18417,-3.49417,-3.8841698,-4.27417,-4.34417,-4.42417,-4.93417,-5.09417,-4.55417,-5.05417,-4.62417,-4.14417,-5.89417,-5.84417,-4.69417,-3.26417,-1.46417,0.8258301,1.2158301,-0.6741699,-9.41417,-13.02417,-13.70417,-14.34417,-14.36417
-15.32417,-14.26417,-12.57417,-11.52417,-10.38417,-9.02417,-8.16417,-7.21417,-6.81417,-8.11417,-7.73417,-6.36417,-5.2041698,-4.48417,-3.3541698,-2.01417,-0.7741699,0.8458301,1.6858301,3.32583,5.22583,6.60583,8.09583,9.23583,9.5358305,8.47583,8.08583,7.93583,7.31583,6.2358303,7.01583,-1.5341699,-1.97417,-2.55417,-2.8341699,-3.3241699,-3.8841698,-4.27417,-4.40417,-4.52417,-4.38417,-5.35417,-6.14417,-6.29417,-7.17417,-6.73417,-4.88417,-5.31417,-5.84417,-6.83417,-6.00417,-5.48417,-4.0141697,-2.55417,0.4658301,0.3358301,0.8358301,-4.59417,-12.23417,-13.42417,-15.52417,-15.59417
-13.68417,-13.26417,-13.02417,-11.83417,-9.72417,-8.14417,-7.23417,-8.12417,-7.07417,-6.35417,-5.92417,-5.2041698,-4.93417,-4.71417,-3.73417,-3.19417,-2.1141698,-0.23416992,0.87583005,2.70583,4.70583,5.88583,6.91583,8.01583,8.91583,9.33583,9.91583,9.79583,9.12583,7.7358303,7.9858303,6.38583,2.25583,-3.1141698,-4.10417,-4.2441697,-5.66417,-6.7241697,-6.55417,-6.2241697,-6.33417,-6.62417,-7.93417,-8.9641695,-9.48417,-7.2441697,-7.09417,-7.52417,-7.85417,-7.18417,-5.71417,-4.87417,-3.46417,-2.00417,-0.07416992,0.8958301,1.4258301,-5.04417,-13.92417,-15.67417,-16.64417,-16.39417
-13.51417,-13.16417,-12.52417,-10.69417,-8.67417,-8.94417,-7.37417,-6.36417,-5.60417,-4.96417,-4.54417,-4.48417,-4.58417,-5.11417,-4.44417,-4.2041698,-3.18417,-2.18417,-0.94416994,0.29583007,1.9158301,3.95583,6.05583,7.65583,8.45583,9.05583,9.70583,9.67583,9.995831,8.68583,7.69583,7.47583,6.7358303,0.75583005,-3.96417,-4.27417,-5.30417,-5.41417,-5.88417,-6.02417,-5.31417,-6.02417,-7.64417,-8.39417,-7.96417,-7.7441697,-10.61417,-9.78417,-8.26417,-6.4941697,-5.18417,-3.8241699,-2.65417,-1.59417,0.16583008,2.95583,1.4658301,-4.23417,-15.86417,-17.11417,-17.12417,-15.87417
-11.004169,-10.22417,-9.34417,-7.68417,-6.09417,-5.29417,-5.17417,-4.9741697,-4.44417,-3.93417,-4.87417,-6.73417,-6.42417,-5.71417,-5.11417,-3.8641698,-3.18417,-2.47417,-1.36417,-0.4741699,0.36583006,2.4158301,5.28583,8.18583,9.64583,10.07583,10.63583,11.12583,11.61583,9.64583,8.25583,7.33583,7.62583,8.51583,-7.15417,-5.19417,-5.17417,-3.54417,-3.65417,-4.98417,-6.92417,-8.14417,-7.35417,-8.92417,-8.47417,-8.2141695,-7.53417,-6.7041698,-5.7441697,-5.4541698,-4.93417,-4.12417,-3.66417,-2.18417,-0.2841699,2.3758302,2.29583,-14.40417,-18.99417,-18.83417,-15.94417,-14.12417
-6.32417,-5.92417,-5.91417,-5.66417,-5.4941697,-5.05417,-4.84417,-4.33417,-4.17417,-4.38417,-4.80417,-4.75417,-4.94417,-4.48417,-3.71417,-2.6041698,-1.12417,-0.004169922,0.21583007,0.74583006,1.0458301,0.6958301,3.09583,7.2758303,10.61583,11.30583,13.42583,13.42583,12.62583,10.95583,8.67583,6.2958302,4.12583,3.50583,3.09583,-4.71417,-7.11417,-6.10417,-5.41417,-6.67417,-6.90417,-7.5141697,-7.77417,-8.44417,-8.68417,-7.40417,-6.59417,-6.2041698,-5.55417,-4.93417,-4.4741697,-3.3841698,-2.8841698,-2.8541698,-2.1141698,-1.10417,-9.26417,-17.77417,-17.57417,-15.63417,-14.48417,-11.92417
-4.30417,-4.41417,-4.80417,-4.90417,-4.7441697,-4.67417,-4.62417,-4.82417,-4.4941697,-4.52417,-3.99417,-2.70417,-1.6841699,-1.2841699,-0.99416995,-0.48416993,0.11583008,0.5458301,0.87583005,0.7858301,-0.36416993,-1.5241699,1.4658301,6.26583,8.80583,11.12583,12.98583,14.39583,13.84583,12.80583,10.94583,8.09583,2.1358302,-2.47417,-2.19417,-2.0741699,-8.14417,-9.44417,-8.69417,-8.29417,-7.53417,-7.17417,-6.94417,-6.81417,-6.75417,-6.69417,-6.54417,-6.23417,-5.78417,-4.98417,-4.40417,-3.8241699,-2.45417,-1.74417,-2.80417,-13.94417,-16.76417,-15.73417,-13.98417,-12.64417,-11.06417,-9.47417
-3.02417,-2.0841699,0.12583008,-0.034169924,-1.23417,-2.16417,-2.16417,-0.8641699,1.5458301,2.1558301,1.3158301,1.9758301,1.53583,1.3058301,0.56583005,-0.18416992,-0.7341699,0.48583007,3.1658301,2.97583,2.09583,1.15583,3.56583,4.65583,7.4858303,10.75583,13.82583,14.83583,14.745831,14.96583,14.995831,13.58583,2.8758302,-4.31417,-4.44417,-0.9041699,-8.95417,-8.98417,-7.71417,-6.59417,-6.65417,-6.65417,-6.59417,-6.42417,-6.14417,-6.08417,-6.23417,-6.32417,-6.61417,-6.32417,-5.30417,-4.57417,-2.67417,-2.3841698,-15.13417,-14.63417,-13.62417,-12.13417,-11.02417,-9.82417,-8.52417,-7.0141697
2.98583,3.6558301,4.06583,3.46583,3.34583,0.93583006,-2.5941699,-0.40416992,3.18583,6.97583,9.17583,7.68583,8.25583,7.72583,6.2358303,5.32583,7.30583,7.91583,12.08583,5.85583,10.39583,8.97583,4.2758303,8.41583,8.63583,9.245831,10.7858305,12.54583,12.65583,12.60583,12.64583,11.54583,9.92583,7.28583,5.87583,5.68583,5.60583,5.05583,4.4858303,3.99583,3.27583,2.30583,0.9058301,-1.0741699,-3.05417,-4.80417,-5.77417,-6.66417,-7.2041698,-6.68417,-5.62417,-10.07417,-13.11417,-13.10417,-11.87417,-10.95417,-9.98417,-9.82417,-8.94417,-7.60417,-6.55417,-5.69417
-0.4441699,2.00583,4.0458302,4.31583,2.31583,1.8358301,0.6558301,-0.36416993,0.025830079,2.83583,6.36583,8.67583,7.0058303,6.05583,7.2558303,8.27583,10.66583,12.20583,13.81583,11.32583,17.75583,19.25583,16.17583,13.62583,5.97583,3.53583,4.69583,4.93583,7.71583,9.37583,7.7958302,8.31583,8.02583,7.99583,8.21583,8.64583,8.68583,7.42583,5.12583,3.50583,3.4058301,3.8558302,3.78583,3.33583,2.26583,0.68583006,-1.62417,-3.78417,-5.73417,-7.35417,-8.504169,-9.36417,-9.90417,-9.15417,-8.99417,-9.08417,-8.15417,-6.84417,-6.06417,-5.21417,-4.59417,-3.77417
-2.01417,-0.6741699,1.0858301,2.32583,3.1058302,3.00583,1.8558301,0.99583006,0.4058301,1.63583,3.02583,6.38583,6.10583,5.58583,6.47583,8.25583,10.64583,13.85583,16.80583,20.68583,22.06583,21.83583,21.04583,19.04583,17.19583,15.23583,12.80583,12.745831,10.94583,4.0058303,-0.6041699,-2.3841698,0.44583008,3.73583,6.58583,8.45583,8.97583,8.7858305,7.7758303,7.2358303,7.20583,7.90583,8.05583,6.16583,3.81583,2.4258301,1.01583,-0.8341699,-2.77417,-3.78417,-4.36417,-5.53417,-6.44417,-6.37417,-5.7041698,-5.50417,-5.39417,-4.91417,-4.69417,-4.32417,-3.94417,-3.94417
-4.14417,-2.98417,-1.3041699,0.44583008,1.1958301,0.23583008,-0.2541699,-0.19416992,0.035830077,0.7758301,3.07583,4.62583,4.93583,5.14583,5.15583,7.71583,9.91583,11.91583,13.65583,15.46583,16.71583,17.90583,16.99583,17.265831,17.50583,17.015831,16.54583,15.67583,14.14583,10.48583,6.93583,5.65583,5.19583,5.08583,6.67583,6.39583,1.00583,0.9058301,2.84583,3.96583,5.84583,7.10583,9.43583,11.2858305,12.05583,12.5358305,12.91583,13.12583,11.91583,8.17583,4.13583,0.9558301,-1.0541699,-2.28417,-3.0941699,-3.73417,-4.23417,-4.29417,-4.2241697,-4.44417,-4.21417,-3.73417
-5.94417,-5.10417,-4.04417,-2.96417,-2.02417,-1.5741699,-1.7641699,-1.8141699,-1.21417,0.06583008,1.38583,2.55583,3.8858302,5.18583,6.2558303,7.92583,9.06583,9.44583,10.30583,11.41583,12.39583,13.08583,14.38583,14.92583,15.58583,15.19583,14.54583,13.75583,13.30583,12.41583,10.39583,8.70583,6.47583,4.88583,3.05583,3.31583,3.51583,6.14583,7.7358303,0.32583007,-1.60417,1.9658301,1.6658301,3.49583,1.65583,8.16583,14.37583,19.09583,18.015831,15.5358305,13.06583,8.98583,5.21583,2.1458302,-0.38416994,-1.9041699,-2.70417,-3.6241698,-3.95417,-3.98417,-3.48417,-3.29417
