examples/data/wind_2019_09_18T00.json
{"header": {"discipline":0,"disciplineName":"Meteorological products","gribEdition":2,"gribLength":80514,"center":7,"centerName":"US National Weather Service - NCEP(WMC)","subcenter":0,"refTime":"2019-09-18T00:00:00.000Z","significanceOfRT":0,"significanceOfRTName":"Analysis","productStatus":0,"productStatusName":"Operational products","productType":0,"productTypeName":"Analysis products","productDefinitionTemplate":0,"productDefinitionTemplateName":"Analysis/forecast at horizontal level/layer at a point in time","parameterCategory":2,"parameterCategoryName":"Momentum","parameterNumber":3,"parameterNumberName":"V-component_of_wind","parameterUnit":"m.s-1","genProcessType":0,"genProcessTypeName":"Analysis","forecastTime":0,"surface1Type":103,"surface1TypeName":"Specified height level above ground","surface1Value":80,"surface2Type":255,"surface2TypeName":"Missing","surface2Value":0,"gridDefinitionTemplate":0,"gridDefinitionTemplateName":"Latitude_Longitude","numberPoints":65160,"shape":6,"shapeName":"Earth spherical with radius of 6,371,229.0 m","gridUnits":"degrees","resolution":48,"winds":"true","scanMode":0,"nx":360,"ny":181,"basicAngle":0,"lo1":0,"la1":90,"lo2":359,"la2":-90,"dx":1,"dy":1}, "data":
[rows 0 to 26 of 181, columns 0 to 61 of 360]
-5.87417,-5.89417,-5.92417,-5.94417,-5.96417,-5.98417,-6.00417,-6.02417,-6.03417,-6.05417,-6.06417,-6.07417,-6.07417,-6.08417,-6.08417,-6.08417,-6.08417,-6.08417,-6.08417,-6.07417,-6.06417,-6.05417,-6.04417,-6.03417,-6.0141697,-6.00417,-5.98417,-5.96417,-5.93417,-5.91417,-5.88417,-5.86417,-5.83417,-5.79417,-5.7641697,-5.73417,-5.69417,-5.65417,-5.61417,-5.57417,-5.53417,-5.48417,-5.43417,-5.39417,-5.34417,-5.28417,-5.23417,-5.18417,-5.12417,-5.06417,-5.00417,-4.94417,-4.88417,-4.81417,-4.75417,-4.68417,-4.61417,-4.54417,-4.4741697,-4.40417,-4.32417,-4.25417
-6.21417,-6.2641697,-6.31417,-6.36417,-6.41417,-6.46417,-6.50417,-6.54417,-6.58417,-6.61417,-6.64417,-6.66417,-6.69417,-6.7241697,-6.7441697,-6.7641697,-6.78417,-6.79417,-6.80417,-6.82417,-6.82417,-6.83417,-6.84417,-6.84417,-6.84417,-6.83417,-6.82417,-6.80417,-6.78417,-6.7641697,-6.75417,-6.73417,-6.71417,-6.7041698,-6.68417,-6.66417,-6.64417,-6.62417,-6.59417,-6.56417,-6.52417,-6.48417,-6.44417,-6.39417,-6.35417,-6.29417,-6.23417,-6.16417,-6.10417,-6.02417,-5.94417,-5.87417,-5.79417,-5.71417,-5.62417,-5.54417,-5.4541698,-5.37417,-5.28417,-5.19417,-5.09417,-5.00417
-6.27417,-6.33417,-6.39417,-6.46417,-6.54417,-6.61417,-6.69417,-6.77417,-6.85417,-6.92417,-7.00417,-7.07417,-7.14417,-7.2041698,-7.2641697,-7.31417,-7.35417,-7.39417,-7.42417,-7.46417,-7.4941697,-7.53417,-7.58417,-7.62417,-7.66417,-7.7041698,-7.71417,-7.73417,-7.7441697,-7.7441697,-7.73417,-7.71417,-7.7041698,-7.69417,-7.67417,-7.66417,-7.65417,-7.64417,-7.62417,-7.61417,-7.59417,-7.56417,-7.52417,-7.48417,-7.44417,-7.39417,-7.34417,-7.28417,-7.2241697,-7.16417,-7.10417,-7.02417,-6.9541698,-6.88417,-6.79417,-6.7041698,-6.61417,-6.50417,-6.40417,-6.29417,-6.19417,-6.07417
-5.9741697,-6.15417,-6.33417,-6.50417,-6.67417,-6.82417,-6.9741697,-7.09417,-7.21417,-7.32417,-7.43417,-7.55417,-7.65417,-7.78417,-7.89417,-7.98417,-8.08417,-8.16417,-8.24417,-8.30417,-8.34417,-8.37417,-8.40417,-8.43417,-8.42417,-8.42417,-8.42417,-8.43417,-8.45417,-8.48417,-8.52417,-8.56417,-8.60417,-8.66417,-8.7141695,-8.754169,-8.78417,-8.80417,-8.81417,-8.81417,-8.78417,-8.754169,-8.7141695,-8.66417,-8.58417,-8.49417,-8.39417,-8.29417,-8.2141695,-8.13417,-8.05417,-7.98417,-7.92417,-7.85417,-7.77417,-7.7041698,-7.62417,-7.52417,-7.42417,-7.32417,-7.2241697,-7.11417
-5.78417,-5.9741697,-6.16417,-6.37417,-6.58417,-6.80417,-6.9941697,-7.13417,-7.2441697,-7.30417,-7.36417,-7.46417,-7.57417,-7.69417,-7.80417,-7.9541698,-8.10417,-8.24417,-8.38417,-8.48417,-8.54417,-8.56417,-8.57417,-8.56417,-8.52417,-8.51417,-8.49417,-8.51417,-8.56417,-8.63417,-8.70417,-8.80417,-8.87417,-8.93417,-8.94417,-8.93417,-8.83417,-8.754169,-8.67417,-8.64417,-8.65417,-8.72417,-8.83417,-8.91417,-8.99417,-9.004169,-8.95417,-8.87417,-8.82417,-8.80417,-8.82417,-8.84417,-8.80417,-8.74417,-8.66417,-8.51417,-8.32417,-8.15417,-7.9941697,-7.85417,-7.7641697,-7.7241697
-5.48417,-5.7641697,-6.02417,-6.27417,-6.48417,-6.61417,-6.7241697,-6.84417,-6.9941697,-7.16417,-7.2641697,-7.34417,-7.41417,-7.52417,-7.65417,-7.79417,-7.90417,-7.9941697,-8.03417,-8.07417,-8.09417,-8.12417,-8.14417,-8.24417,-8.37417,-8.52417,-8.65417,-8.70417,-8.7141695,-8.63417,-8.61417,-8.63417,-8.70417,-8.84417,-8.88417,-8.87417,-8.87417,-8.83417,-8.91417,-9.11417,-9.33417,-9.62417,-9.91417,-9.94417,-9.87417,-9.73417,-9.53417,-9.37417,-9.37417,-9.45417,-9.53417,-9.48417,-9.34417,-9.16417,-9.03417,-8.97417,-8.98417,-9.05417,-9.16417,-9.23417,-9.254169,-9.20417
-5.54417,-5.66417,-5.75417,-5.92417,-6.2041698,-6.54417,-6.86417,-7.11417,-7.27417,-7.39417,-7.52417,-7.66417,-7.80417,-7.91417,-7.9741697,-8.004169,-8.05417,-8.11417,-8.17417,-8.254169,-8.35417,-8.43417,-8.504169,-8.54417,-8.58417,-8.66417,-8.754169,-8.85417,-8.97417,-9.11417,-9.26417,-9.34417,-9.43417,-9.52417,-9.65417,-9.76417,-9.90417,-10.01417,-10.12417,-10.22417,-10.254169,-10.24417,-10.36417,-10.504169,-10.54417,-10.52417,-10.55417,-10.61417,-10.68417,-10.70417,-10.55417,-10.26417,-9.89417,-9.55417,-9.24417,-8.92417,-8.54417,-8.2141695,-7.92417,-7.67417,-7.43417,-7.21417
-5.55417,-5.78417,-6.0141697,-6.27417,-6.58417,-6.86417,-7.00417,-7.10417,-7.2641697,-7.44417,-7.60417,-7.7441697,-7.92417,-8.10417,-8.26417,-8.39417,-8.49417,-8.49417,-8.45417,-8.40417,-8.38417,-8.35417,-8.35417,-8.36417,-8.38417,-8.45417,-8.52417,-8.61417,-8.72417,-8.83417,-8.91417,-8.9641695,-9.01417,-9.09417,-9.22417,-9.35417,-9.45417,-9.504169,-9.59417,-9.70417,-9.84417,-9.82417,-9.73417,-9.62417,-9.62417,-9.74417,-9.68417,-9.43417,-9.12417,-8.85417,-8.60417,-8.39417,-8.18417,-7.94417,-7.68417,-7.40417,-7.10417,-6.85417,-6.66417,-6.4941697,-6.32417,-6.15417
-5.7241697,-6.05417,-6.33417,-6.57417,-6.80417,-6.9941697,-7.14417,-7.28417,-7.46417,-7.71417,-8.03417,-8.07417,-8.05417,-8.10417,-8.05417,-7.96417,-7.85417,-7.75417,-7.68417,-7.52417,-7.21417,-7.11417,-7.16417,-7.14417,-7.14417,-7.21417,-7.29417,-7.50417,-7.71417,-7.98417,-8.24417,-8.42417,-8.56417,-8.67417,-8.82417,-8.93417,-8.97417,-9.02417,-9.28417,-9.51417,-9.55417,-9.54417,-9.504169,-9.35417,-9.16417,-8.93417,-8.67417,-8.41417,-8.2141695,-8.11417,-8.05417,-7.85417,-7.64417,-7.4741697,-7.2241697,-6.96417,-6.69417,-6.48417,-6.33417,-6.19417,-6.09417,-5.9541698
-5.08417,-5.27417,-5.57417,-5.9741697,-6.16417,-6.38417,-6.75417,-7.2241697,-7.7641697,-8.16417,-8.36417,-8.35417,-8.18417,-7.71417,-7.36417,-7.2241697,-7.12417,-7.11417,-7.12417,-7.13417,-7.17417,-7.07417,-6.89417,-6.86417,-6.92417,-7.13417,-7.43417,-7.79417,-8.56417,-9.29417,-9.26417,-9.05417,-9.48417,-9.81417,-10.004169,-10.03417,-10.14417,-10.45417,-10.45417,-10.18417,-9.83417,-9.56417,-9.38417,-9.254169,-9.12417,-8.91417,-8.72417,-8.63417,-8.52417,-8.27417,-7.84417,-7.77417,-7.71417,-7.37417,-6.83417,-5.7041698,-4.96417,-3.6041698,-2.51417,-5.25417,-5.89417,-5.36417
-6.84417,-7.36417,-7.77417,-8.09417,-8.24417,-8.27417,-8.35417,-8.15417,-8.05417,-7.93417,-7.34417,-6.39417,-5.08417,-4.84417,-4.86417,-4.82417,-4.14417,-4.57417,-4.4941697,-3.31417,-4.39417,-6.57417,-7.46417,-7.28417,-7.69417,-8.84417,-10.26417,-10.55417,-10.504169,-10.49417,-10.79417,-10.89417,-10.48417,-9.94417,-9.63417,-9.61417,-9.76417,-9.98417,-10.23417,-10.42417,-10.37417,-10.30417,-10.09417,-9.67417,-9.504169,-9.4641695,-8.66417,-7.39417,-8.08417,-9.23417,-9.40417,-8.7141695,-7.43417,-7.69417,-8.22417,-7.4541698,-6.53417,-7.28417,-7.93417,-7.69417,-7.43417,-6.89417
-8.24417,-8.61417,-9.14417,-9.76417,-10.40417,-11.004169,-11.57417,-12.20417,-12.24417,-8.13417,-1.86417,-1.0141699,-0.7841699,-3.03417,-6.59417,-5.61417,-3.21417,-4.08417,-5.0141697,-4.39417,-5.91417,-6.92417,-7.84417,-7.9541698,-8.34417,-9.92417,-10.24417,-10.22417,-10.31417,-10.33417,-10.37417,-10.40417,-10.29417,-10.10417,-10.24417,-10.55417,-10.62417,-10.56417,-10.45417,-10.28417,-10.08417,-9.80417,-9.53417,-9.42417,-9.33417,-9.05417,-8.66417,-8.52417,-8.35417,-8.14417,-8.14417,-8.20417,-8.16417,-7.90417,-7.46417,-6.7241697,-5.83417,-4.92417,-4.41417,-4.08417,-3.8841698,-3.71417
-9.80417,-10.05417,-10.18417,-10.48417,-10.82417,-10.98417,-11.19417,-9.32417,-4.80417,-2.47417,-1.21417,0.5358301,-0.16416992,-1.84417,-1.6841699,-0.46416992,-0.23416992,-1.0341699,-2.95417,-8.77417,-9.754169,-6.60417,-6.38417,-8.73417,-11.34417,-11.04417,-11.24417,-12.20417,-12.14417,-10.59417,-9.52417,-9.504169,-9.73417,-9.89417,-9.95417,-10.15417,-10.33417,-10.33417,-10.22417,-10.07417,-9.81417,-9.77417,-9.92417,-9.83417,-9.65417,-9.42417,-9.06417,-8.79417,-8.69417,-8.26417,-7.19417,-6.30417,-6.15417,-6.04417,-5.79417,-5.4541698,-5.09417,-5.08417,-5.30417,-5.5141697,-5.33417,-5.12417
-9.32417,-9.28417,-9.18417,-9.504169,-9.88417,-10.504169,-8.49417,-5.7241697,-4.80417,-4.78417,-2.17417,0.4358301,0.5858301,1.1058301,1.7358301,-0.40416992,-0.50416994,-5.36417,-10.004169,-9.90417,-9.45417,-8.74417,-9.59417,-11.29417,-12.30417,-12.87417,-12.22417,-10.88417,-9.754169,-9.45417,-9.42417,-9.39417,-9.66417,-9.87417,-9.9641695,-9.99417,-10.12417,-10.28417,-10.32417,-10.14417,-9.78417,-9.64417,-9.62417,-9.24417,-8.754169,-8.36417,-8.22417,-8.28417,-8.29417,-7.96417,-7.62417,-7.33417,-7.00417,-6.9941697,-6.77417,-6.41417,-5.7641697,-4.9741697,-4.41417,-4.12417,-3.94417,-3.75417
-8.59417,-8.02417,-6.42417,-5.34417,-5.23417,-5.14417,-5.09417,-4.62417,-3.1441698,-3.25417,-4.16417,-4.55417,-1.87417,1.3658301,-1.5241699,-4.16417,-7.81417,-8.91417,-8.95417,-8.79417,-9.254169,-10.29417,-11.004169,-11.81417,-12.85417,-12.004169,-10.70417,-9.94417,-9.82417,-9.82417,-9.65417,-9.17417,-9.254169,-9.62417,-9.95417,-10.10417,-9.99417,-10.38417,-10.54417,-10.48417,-10.41417,-10.62417,-10.37417,-10.33417,-10.62417,-9.72417,-8.72417,-8.15417,-8.04417,-7.50417,-7.06417,-6.71417,-6.5141697,-6.09417,-5.7241697,-4.9741697,-4.03417,-3.44417,-3.67417,-2.6441698,-0.8341699,0.15583009
-3.77417,-3.70417,-4.2641697,-4.4941697,-4.5141697,-4.62417,-4.71417,-4.69417,-4.82417,-4.96417,-5.02417,-5.08417,-4.43417,-5.50417,-7.09417,-7.80417,-7.61417,-8.07417,-8.93417,-9.67417,-9.95417,-10.86417,-11.99417,-12.40417,-11.85417,-11.43417,-10.94417,-10.49417,-10.19417,-10.32417,-10.51417,-10.17417,-9.92417,-10.07417,-10.35417,-10.59417,-10.94417,-11.35417,-11.27417,-10.85417,-10.70417,-10.26417,-9.78417,-9.92417,-9.35417,-9.07417,-8.93417,-8.41417,-7.54417,-6.4941697,-6.04417,-5.87417,-5.2041698,-4.65417,-4.63417,-4.71417,-3.28417,0.61583006,-1.0141699,-1.09417,-2.90417,-3.95417
-4.18417,-4.37417,-5.46417,-5.71417,-5.85417,-6.11417,-5.88417,-5.94417,-6.21417,-6.63417,-7.10417,-8.24417,-8.82417,-8.64417,-8.23417,-7.9741697,-8.02417,-8.26417,-9.28417,-9.61417,-9.34417,-9.97417,-10.77417,-11.29417,-10.79417,-10.63417,-10.70417,-10.92417,-10.87417,-10.88417,-10.68417,-10.18417,-10.37417,-10.83417,-11.22417,-11.55417,-11.86417,-12.26417,-12.41417,-12.30417,-11.59417,-11.27417,-10.57417,-10.004169,-9.18417,-8.59417,-7.53417,-6.69417,-5.98417,-5.42417,-5.27417,-5.19417,-5.02417,-5.31417,-5.92417,-2.81417,-0.4141699,-2.55417,-7.25417,-5.9541698,-3.93417,-3.93417
-6.44417,-6.39417,-6.83417,-6.69417,-6.66417,-7.15417,-7.38417,-7.28417,-7.06417,-6.9541698,-7.2441697,-7.64417,-7.78417,-7.94417,-7.9541698,-8.20417,-8.80417,-9.06417,-9.69417,-10.20417,-10.26417,-10.55417,-9.97417,-9.48417,-9.38417,-9.55417,-9.70417,-9.76417,-9.89417,-10.23417,-10.64417,-11.09417,-11.4641695,-11.52417,-11.99417,-12.19417,-11.97417,-11.99417,-12.34417,-12.41417,-12.33417,-12.03417,-11.68417,-11.04417,-9.80417,-8.9641695,-8.22417,-7.2241697,-5.54417,-4.64417,-5.06417,-5.9541698,-5.87417,-3.68417,-1.6941699,-3.0741699,-6.61417,-6.10417,-5.48417,-5.00417,-4.46417,-3.6241698
-9.004169,-8.36417,-7.50417,-7.71417,-7.63417,-7.28417,-6.50417,-6.80417,-7.05417,-7.2041698,-7.05417,-7.2441697,-7.58417,-7.87417,-8.16417,-8.45417,-8.51417,-9.24417,-9.45417,-9.06417,-8.60417,-8.36417,-8.30417,-8.05417,-7.82417,-7.7441697,-7.94417,-8.22417,-8.89417,-9.44417,-9.56417,-10.61417,-11.57417,-11.81417,-11.73417,-11.45417,-11.23417,-11.59417,-12.15417,-12.51417,-12.83417,-12.33417,-11.69417,-10.94417,-10.81417,-10.29417,-9.54417,-8.10417,-7.69417,-7.89417,-9.52417,-8.85417,-4.50417,-2.3941698,-4.00417,-4.61417,-1.9041699,-0.6541699,2.1358302,1.9458301,1.4258301,3.69583
-10.14417,-9.42417,-8.05417,-7.07417,-6.93417,-7.36417,-7.40417,-7.37417,-7.4541698,-7.39417,-7.18417,-7.25417,-7.35417,-7.55417,-7.4941697,-6.96417,-6.7441697,-6.58417,-6.08417,-5.9541698,-5.87417,-5.73417,-5.38417,-5.21417,-5.40417,-5.85417,-6.31417,-6.55417,-6.53417,-7.88417,-8.79417,-9.54417,-9.77417,-9.95417,-10.09417,-10.7141695,-11.49417,-11.92417,-11.92417,-12.32417,-12.004169,-11.52417,-11.08417,-11.47417,-11.004169,-9.72417,-8.83417,-8.45417,-8.24417,-8.03417,-2.5841699,0.29583007,2.52583,5.7958302,3.94583,2.44583,1.1658301,-0.9841699,-2.00417,0.9658301,5.59583,5.80583
-8.48417,-9.06417,-8.48417,-9.27417,-9.69417,-8.73417,-8.52417,-8.76417,-8.254169,-6.80417,-6.96417,-7.18417,-7.4541698,-7.57417,-7.43417,-7.38417,-7.4941697,-7.30417,-7.30417,-6.12417,-6.2641697,0.50583005,0.36583006,-1.34417,-2.43417,-3.6441698,-3.1041698,-2.91417,-3.43417,-4.73417,-7.03417,-8.76417,-9.254169,-10.19417,-10.64417,-10.43417,-10.36417,-9.93417,-9.57417,-9.79417,-10.23417,-10.7141695,-10.77417,-11.04417,-10.11417,-8.89417,-7.79417,-6.90417,-4.61417,-4.08417,-3.43417,-2.21417,-1.1841699,0.4958301,1.1858301,-0.27416992,1.12583,-0.5941699,-0.24416992,2.4058301,5.30583,5.60583
-9.16417,-9.18417,-9.66417,-10.31417,-10.7141695,-10.14417,-8.60417,-8.35417,-7.23417,-5.80417,-6.93417,-7.68417,-7.94417,-8.03417,-7.53417,-7.63417,-7.90417,-4.4941697,-1.59417,0.13583007,-0.56416994,1.4258301,0.16583008,-1.0341699,-2.29417,-2.46417,-2.6141698,-2.90417,-5.87417,-4.41417,-4.53417,-5.12417,-6.7041698,-3.72417,-6.27417,-7.17417,-8.16417,-9.82417,-9.99417,-9.4641695,-9.49417,-10.08417,-10.62417,-10.51417,-9.29417,-8.13417,-7.54417,-6.68417,-5.37417,-3.79417,-3.69417,-3.79417,-3.51417,-2.31417,-2.3541698,-4.4541698,-4.03417,-3.75417,0.5458301,3.99583,4.7758303,5.10583
-9.73417,-10.52417,-10.26417,-10.34417,-10.11417,-10.51417,-10.97417,-8.65417,-6.38417,-5.54417,-7.00417,-8.49417,-9.52417,-10.004169,-8.98417,-4.87417,-1.8041699,0.26583007,0.47583008,1.78583,1.9258301,-0.50416994,-0.93416995,-2.06417,-1.71417,-2.6141698,-3.05417,-4.12417,-4.52417,-3.19417,-2.00417,-2.22417,-4.42417,-3.44417,-1.2741699,-4.14417,-7.25417,-7.37417,-7.7441697,-7.11417,-8.59417,-9.63417,-9.504169,-9.504169,-8.35417,-5.55417,-5.54417,-7.34417,-7.07417,-5.84417,-4.98417,-4.57417,-4.80417,-5.14417,-7.15417,-6.4741697,-3.03417,1.2958301,3.81583,3.45583,5.15583,5.10583
-9.84417,-10.15417,-10.57417,-11.02417,-9.89417,-8.504169,-8.73417,-6.66417,-6.05417,-6.82417,-8.10417,-9.42417,-9.80417,-6.33417,0.07583008,0.07583008,0.4658301,-0.68416995,0.7258301,1.0458301,-0.42416993,-1.9341699,-2.54417,-3.52417,-3.51417,-3.8741698,-3.75417,-3.46417,-3.92417,-3.72417,-5.12417,-4.55417,-3.54417,-4.61417,-4.52417,-4.9741697,-6.0141697,-7.58417,-6.44417,-5.73417,-5.19417,-7.00417,-8.80417,-8.31417,-6.96417,-6.23417,-8.254169,-7.77417,-5.12417,-5.52417,-5.7041698,-7.05417,-8.59417,-9.03417,-8.26417,-2.15417,4.92583,5.17583,5.45583,5.66583,5.32583,1.9858301
-10.38417,-10.20417,-9.70417,-8.55417,-7.42417,-7.06417,-7.17417,-6.85417,-6.78417,-6.75417,-8.24417,-8.04417,-6.21417,1.2058301,0.095830075,-0.48416993,-1.0541699,-0.13416992,-0.69416994,-1.23417,-3.0741699,-3.3441699,-4.32417,-4.91417,-4.75417,-4.11417,-4.30417,-4.32417,-3.95417,-4.31417,-4.38417,-4.94417,-4.05417,-4.81417,-5.44417,-8.07417,-7.92417,-7.73417,-7.19417,-8.27417,-8.52417,-8.61417,-5.43417,-6.04417,-7.16417,-6.37417,-6.07417,-5.14417,-7.06417,-7.66417,-6.52417,-7.33417,-6.69417,-5.79417,-2.3441699,3.69583,4.21583,4.9858303,4.64583,2.3558302,2.82583,3.1658301
-9.80417,-9.88417,-9.01417,-8.77417,-9.37417,-9.40417,-7.62417,-6.61417,-6.7041698,-6.7641697,-7.5141697,-6.79417,-1.84417,-0.35416993,-0.74416995,-0.46416992,-0.2541699,-1.6341699,-3.30417,-3.71417,-4.10417,-5.78417,-7.19417,-6.66417,-5.27417,-3.22417,-3.00417,-3.3441699,-3.06417,-4.19417,-4.7041698,-5.14417,-5.62417,-5.98417,-7.35417,-7.9941697,-8.59417,-6.60417,-8.49417,-7.35417,-6.85417,-5.96417,-6.06417,-6.29417,-7.11417,-6.67417,-7.80417,-7.86417,-6.9541698,-4.56417,-5.04417,-4.4741697,-4.30417,1.4158301,1.4558301,2.83583,3.74583,4.68583,4.92583,1.8058301,1.3258301,1.51583
-8.24417,-9.2141695,-9.754169,-9.13417,-8.38417,-7.87417,-8.12417,-8.10417,-8.44417,-8.9641695,-8.16417,-6.50417,0.17583008,-2.42417,-2.45417,-2.03417,-1.3941699,-4.2641697,-4.69417,-6.04417,-6.36417,-8.4641695,-6.09417,-4.80417,-2.8441699,-2.50417,-1.9141699,-2.21417,-3.18417,-3.93417,-4.77417,-5.56417,-5.86417,-6.10417,-5.88417,-5.32417,-5.9541698,-10.18417,-8.12417,-7.27417,-7.28417,-7.13417,-7.33417,-7.10417,-6.85417,-6.57417,-6.2441697,-5.12417,-5.13417,-3.93417,-2.8741698,-1.97417,-2.5741699,0.5258301,1.5758301,2.23583,2.75583,3.8858302,4.13583,0.9658301,-0.024169922,0.55583006
